Liquid Composition:
index Pressure Temperature mass SiO2 TiO2 Al2O3 Fe2O3 Cr2O3 FeO MnO MgO NiO CoO CaO Na2O K2O P2O5 H2O CO2 
1 3100.00 1179.10 98.912082 50.7714 0.953263 14.9137 1.34529 0 5.51776 0.16176 6.03608 0 0 11.3657 2.16131 4.75169 0 2.022 0
2 3100.00 1178.10 98.420172 50.7697 0.955853 14.9675 1.34573 0 5.5223 0.162568 5.98841 0 0 11.3089 2.17145 4.77544 0 2.0321 0
3 3100.00 1177.10 97.933849 50.7681 0.958399 15.0211 1.34614 0 5.5267 0.163376 5.94097 0 0 11.2523 2.18156 4.79916 0 2.04219 0
4 3100.00 1176.10 97.453034 50.7668 0.960902 15.0744 1.34653 0 5.53095 0.164182 5.89377 0 0 11.1957 2.19166 4.82284 0 2.05227 0
5 3100.00 1175.10 96.977648 50.7656 0.963361 15.1274 1.34689 0 5.53506 0.164986 5.84679 0 0 11.1393 2.20173 4.84648 0 2.06233 0
6 3100.00 1174.10 96.507617 50.7647 0.965776 15.1802 1.34722 0 5.53903 0.16579 5.80005 0 0 11.083 2.21179 4.87008 0 2.07238 0
7 3100.00 1173.10 96.042865 50.7639 0.968146 15.2328 1.34753 0 5.54285 0.166592 5.75355 0 0 11.0267 2.22182 4.89365 0 2.0824 0
8 3100.00 1172.10 95.583318 50.7633 0.970472 15.2851 1.34782 0 5.54653 0.167393 5.70728 0 0 10.9706 2.23183 4.91718 0 2.09242 0
9 3100.00 1171.10 95.128905 50.7629 0.972752 15.3372 1.34808 0 5.55006 0.168193 5.66125 0 0 10.9146 2.24182 4.94066 0 2.10241 0
10 3100.00 1170.10 94.679554 50.7628 0.974988 15.3891 1.34831 0 5.55345 0.168991 5.61545 0 0 10.8587 2.25179 4.96411 0 2.11239 0
11 3100.00 1169.10 94.235196 50.7628 0.977177 15.4406 1.34852 0 5.5567 0.169788 5.56989 0 0 10.8029 2.26173 4.98752 0 2.12235 0
12 3100.00 1168.10 93.795762 50.763 0.97932 15.492 1.3487 0 5.5598 0.170583 5.52457 0 0 10.7473 2.27165 5.01089 0 2.13229 0
13 3100.00 1167.10 93.361185 50.7633 0.981418 15.5431 1.34886 0 5.56276 0.171377 5.47949 0 0 10.6917 2.28155 5.03421 0 2.14222 0
14 3100.00 1166.10 92.931399 50.7639 0.983468 15.5939 1.349 0 5.56558 0.17217 5.43464 0 0 10.6363 2.29143 5.05749 0 2.15213 0
15 3100.00 1165.10 92.506338 50.7647 0.985472 15.6445 1.34911 0 5.56826 0.172961 5.39004 0 0 10.581 2.30128 5.08073 0 2.16201 0
16 3100.00 1164.10 92.085938 50.7656 0.987428 15.6948 1.3492 0 5.57079 0.173751 5.34568 0 0 10.5258 2.31111 5.10393 0 2.17188 0
17 3100.00 1163.10 91.670138 50.7668 0.989337 15.7449 1.34926 0 5.57319 0.174539 5.30156 0 0 10.4707 2.32091 5.12708 0 2.18174 0
18 3100.00 1162.10 91.258874 50.7681 0.991198 15.7947 1.3493 0 5.57544 0.175325 5.25768 0 0 10.4158 2.33069 5.15018 0 2.19157 0
19 3100.00 1161.10 90.852086 50.7697 0.993011 15.8443 1.34932 0 5.57756 0.17611 5.21404 0 0 10.361 2.34045 5.17324 0 2.20138 0
20 3100.00 1160.10 90.449714 50.7714 0.994776 15.8936 1.34931 0 5.57953 0.176894 5.17064 0 0 10.3063 2.35018 5.19626 0 2.21117 0
21 3100.00 1159.10 90.051700 50.7733 0.996493 15.9427 1.34928 0 5.58136 0.177676 5.12749 0 0 10.2517 2.35989 5.21922 0 2.22095 0
22 3100.00 1158.10 89.657985 50.7754 0.99816 15.9915 1.34923 0 5.58306 0.178456 5.08458 0 0 10.1973 2.36957 5.24214 0 2.2307 0
23 3100.00 1157.10 89.268512 50.7776 0.999779 16.04 1.34916 0 5.58462 0.179235 5.04192 0 0 10.143 2.37922 5.26501 0 2.24043 0
24 3100.00 1156.10 88.883225 50.7801 1.00135 16.0883 1.34906 0 5.58603 0.180011 4.99949 0 0 10.0888 2.38885 5.28784 0 2.25014 0
25 3100.00 1155.10 88.502070 50.7827 1.00287 16.1363 1.34894 0 5.58732 0.180787 4.95732 0 0 10.0348 2.39846 5.31061 0 2.25983 0
26 3100.00 1154.10 88.124992 50.7856 1.00434 16.1841 1.3488 0 5.58846 0.18156 4.91538 0 0 9.9809 2.40804 5.33333 0 2.2695 0
27 3100.00 1153.10 87.751937 50.7886 1.00576 16.2317 1.34863 0 5.58947 0.182332 4.8737 0 0 9.92714 2.41759 5.35601 0 2.27915 0
28 3100.00 1152.10 87.382853 50.7918 1.00713 16.2789 1.34845 0 5.59034 0.183102 4.83226 0 0 9.87352 2.42711 5.37863 0 2.28878 0
29 3100.00 1151.10 87.017689 50.7952 1.00844 16.3259 1.34824 0 5.59107 0.183871 4.79106 0 0 9.82004 2.43661 5.4012 0 2.29838 0
30 3100.00 1150.10 86.656392 50.7987 1.00971 16.3727 1.34801 0 5.59167 0.184637 4.75011 0 0 9.7667 2.44608 5.42372 0 2.30797 0
31 3100.00 1149.10 86.298915 50.8025 1.01093 16.4192 1.34776 0 5.59214 0.185402 4.70941 0 0 9.71351 2.45553 5.44619 0 2.31753 0
32 3100.00 1148.10 85.945206 50.8064 1.01209 16.4654 1.34748 0 5.59247 0.186165 4.66895 0 0 9.66045 2.46494 5.4686 0 2.32706 0
33 3100.00 1147.10 85.595218 50.8105 1.01321 16.5114 1.34719 0 5.59267 0.186926 4.62874 0 0 9.60754 2.47433 5.49096 0 2.33658 0
34 3100.00 1146.10 85.248902 50.8148 1.01427 16.5571 1.34688 0 5.59273 0.187686 4.58877 0 0 9.55478 2.48369 5.51327 0 2.34607 0
35 3100.00 1145.10 84.906212 50.8193 1.01528 16.6025 1.34654 0 5.59266 0.188443 4.54906 0 0 9.50216 2.49302 5.53552 0 2.35554 0
36 3100.00 1144.10 84.567101 50.8239 1.01624 16.6477 1.34619 0 5.59246 0.189199 4.50959 0 0 9.44969 2.50233 5.55772 0 2.36499 0
37 3100.00 1143.10 84.231524 50.8287 1.01714 16.6926 1.34581 0 5.59213 0.189953 4.47036 0 0 9.39737 2.5116 5.57986 0 2.37441 0
38 3100.00 1142.10 83.899435 50.8337 1.018 16.7373 1.34542 0 5.59167 0.190704 4.43139 0 0 9.3452 2.52085 5.60194 0 2.38381 0
39 3100.00 1141.10 83.570791 50.8389 1.0188 16.7817 1.345 0 5.59107 0.191454 4.39266 0 0 9.29318 2.53007 5.62397 0 2.39318 0
40 3100.00 1140.10 83.245548 50.8442 1.01955 16.8259 1.34457 0 5.59035 0.192202 4.35417 0 0 9.24131 2.53926 5.64595 0 2.40253 0
41 3100.00 1139.10 82.923663 50.8498 1.02024 16.8698 1.34411 0 5.5895 0.192949 4.31594 0 0 9.18959 2.54842 5.66786 0 2.41186 0
42 3100.00 1138.10 82.605093 50.8555 1.02088 16.9134 1.34364 0 5.58852 0.193693 4.27795 0 0 9.13803 2.55755 5.68972 0 2.42116 0
43 3100.00 1137.10 82.289798 50.8613 1.02147 16.9568 1.34314 0 5.58741 0.194435 4.24021 0 0 9.08662 2.56665 5.71152 0 2.43043 0
44 3100.00 1136.10 81.977735 50.8674 1.022 16.9999 1.34263 0 5.58618 0.195175 4.20272 0 0 9.03537 2.57573 5.73326 0 2.43969 0
45 3100.00 1135.10 81.668865 50.8736 1.02248 17.0427 1.3421 0 5.58481 0.195913 4.16547 0 0 8.98427 2.58477 5.75495 0 2.44891 0
46 3100.00 1134.10 81.363148 50.88 1.02291 17.0853 1.34155 0 5.58333 0.196649 4.12847 0 0 8.93333 2.59378 5.77657 0 2.45812 0
47 3100.00 1133.10 81.060545 50.8866 1.02328 17.1276 1.34098 0 5.58171 0.197383 4.09172 0 0 8.88255 2.60276 5.79814 0 2.46729 0
48 3100.00 1132.10 80.761016 50.8933 1.0236 17.1697 1.34039 0 5.57998 0.198115 4.05521 0 0 8.83192 2.61172 5.81964 0 2.47644 0
49 3100.00 1131.10 80.464524 50.9002 1.02386 17.2115 1.33979 0 5.57812 0.198845 4.01895 0 0 8.78146 2.62064 5.84108 0 2.48557 0
50 3100.00 1130.10 80.171032 50.9073 1.02406 17.253 1.33916 0 5.57613 0.199573 3.98294 0 0 8.73115 2.62953 5.86247 0 2.49467 0
51 3100.00 1129.10 79.880503 50.9145 1.02422 17.2943 1.33852 0 5.57403 0.200299 3.94717 0 0 8.68101 2.63839 5.88379 0 2.50374 0
52 3100.00 1128.10 79.592899 50.9219 1.02431 17.3354 1.33786 0 5.5718 0.201023 3.91165 0 0 8.63103 2.64722 5.90505 0 2.51279 0
53 3100.00 1127.10 79.308185 50.9295 1.02436 17.3761 1.33719 0 5.56945 0.201745 3.87638 0 0 8.58121 2.65602 5.92625 0 2.52181 0
54 3100.00 1126.10 79.026327 50.9372 1.02434 17.4166 1.33649 0 5.56698 0.202464 3.84135 0 0 8.53156 2.66479 5.94738 0 2.5308 0
55 3100.00 1125.10 78.747288 50.9451 1.02427 17.4569 1.33578 0 5.56439 0.203182 3.80656 0 0 8.48207 2.67352 5.96846 0 2.53977 0
56 3100.00 1124.10 78.471035 50.9532 1.02415 17.4969 1.33505 0 5.56168 0.203897 3.77202 0 0 8.43274 2.68223 5.98947 0 2.54871 0
57 3100.00 1123.10 78.197534 50.9614 1.02397 17.5366 1.33431 0 5.55885 0.20461 3.73773 0 0 8.38358 2.6909 6.01042 0 2.55763 0
58 3100.00 1122.10 77.926752 50.9698 1.02373 17.5761 1.33354 0 5.55591 0.205321 3.70368 0 0 8.33458 2.69954 6.0313 0 2.56651 0
59 3100.00 1121.10 77.658655 50.9783 1.02344 17.6153 1.33277 0 5.55285 0.20603 3.66987 0 0 8.28575 2.70816 6.05213 0 2.57537 0
60 3100.00 1120.10 77.393211 50.987 1.02309 17.6543 1.33197 0 5.54967 0.206736 3.63631 0 0 8.23709 2.71674 6.07288 0 2.58421 0
61 3100.00 1119.10 77.130389 50.9959 1.02268 17.693 1.33116 0 5.54638 0.207441 3.60299 0 0 8.1886 2.72528 6.09358 0 2.59301 0
62 3100.00 1118.10 76.870157 51.0049 1.02222 17.7314 1.33033 0 5.54297 0.208143 3.56991 0 0 8.14027 2.7338 6.11421 0 2.60179 0
63 3100.00 1117.10 76.612484 51.0141 1.0217 17.7696 1.32949 0 5.53945 0.208843 3.53708 0 0 8.09211 2.74228 6.13477 0 2.61054 0
64 3100.00 1116.10 76.357339 51.0234 1.02112 17.8076 1.32863 0 5.53582 0.209541 3.50448 0 0 8.04413 2.75073 6.15527 0 2.61926 0
65 3100.00 1115.10 76.104693 51.0329 1.02049 17.8453 1.32776 0 5.53207 0.210237 3.47213 0 0 7.99631 2.75915 6.1757 0 2.62796 0
66 3100.00 1114.10 75.854516 51.0426 1.0198 17.8827 1.32687 0 5.52822 0.21093 3.44002 0 0 7.94866 2.76754 6.19607 0 2.63663 0
67 3100.00 1113.10 75.606778 51.0524 1.01905 17.9199 1.32596 0 5.52425 0.211621 3.40815 0 0 7.90118 2.7759 6.21637 0 2.64527 0
68 3100.00 1112.10 75.361451 51.0623 1.01824 17.9568 1.32504 0 5.52017 0.21231 3.37653 0 0 7.85387 2.78422 6.23661 0 2.65388 0
69 3100.00 1111.10 75.118506 51.0725 1.01738 17.9935 1.3241 0 5.51598 0.212997 3.34514 0 0 7.80674 2.79251 6.25678 0 2.66246 0
70 3100.00 1110.10 74.877915 51.0827 1.01646 18.0299 1.32315 0 5.51169 0.213681 3.31399 0 0 7.75978 2.80077 6.27688 0 2.67101 0
71 3100.00 1109.10 74.639651 51.0931 1.01548 18.066 1.32219 0 5.50729 0.214363 3.28307 0 0 7.71298 2.80899 6.29692 0 2.67954 0
72 3100.00 1108.10 74.403687 51.1037 1.01444 18.1019 1.32121 0 5.50278 0.215043 3.2524 0 0 7.66637 2.81718 6.31689 0 2.68804 0
73 3100.00 1107.10 74.169996 51.1144 1.01335 18.1376 1.32022 0 5.49816 0.215721 3.22197 0 0 7.61992 2.82534 6.33679 0 2.69651 0
74 3100.00 1106.10 73.938551 51.1253 1.0122 18.173 1.31921 0 5.49345 0.216396 3.19177 0 0 7.57365 2.83347 6.35663 0 2.70495 0
75 3100.00 1105.10 73.709327 51.1363 1.01099 18.2082 1.31819 0 5.48862 0.217069 3.16181 0 0 7.52755 2.84156 6.3764 0 2.71336 0
76 3100.00 1104.10 73.482298 51.1474 1.00972 18.2431 1.31715 0 5.4837 0.21774 3.13208 0 0 7.48162 2.84963 6.3961 0 2.72174 0
77 3100.00 1103.10 73.257438 51.1587 1.00839 18.2778 1.3161 0 5.47867 0.218408 3.10259 0 0 7.43587 2.85765 6.41573 0 2.7301 0
78 3100.00 1102.10 73.034723 51.1702 1.007 18.3122 1.31504 0 5.47354 0.219074 3.07334 0 0 7.3903 2.86565 6.43529 0 2.73842 0
79 3100.00 1101.10 72.814129 51.1818 1.00556 18.3463 1.31397 0 5.46831 0.219738 3.04431 0 0 7.3449 2.87361 6.45479 0 2.74672 0
80 3100.00 1100.10 72.595630 51.1935 1.00405 18.3803 1.31288 0 5.46297 0.220399 3.01553 0 0 7.29967 2.88154 6.47422 0 2.75499 0
81 3100.00 1099.10 72.379204 51.2054 1.00249 18.4139 1.31178 0 5.45754 0.221058 2.98697 0 0 7.25462 2.88944 6.49358 0 2.76322 0
82 3100.00 1098.10 72.164827 51.2174 1.00087 18.4474 1.31066 0 5.45202 0.221715 2.95865 0 0 7.20975 2.8973 6.51287 0 2.77143 0
83 3100.00 1097.10 71.952476 51.2295 0.999185 18.4805 1.30953 0 5.44639 0.222369 2.93056 0 0 7.16505 2.90513 6.53209 0 2.77961 0
84 3100.00 1096.10 71.742129 51.2418 0.997444 18.5135 1.30839 0 5.44067 0.223021 2.9027 0 0 7.12053 2.91292 6.55124 0 2.78776 0
85 3100.00 1095.10 71.533762 51.2543 0.995644 18.5462 1.30724 0 5.43485 0.223671 2.87507 0 0 7.07618 2.92069 6.57032 0 2.79588 0
86 3100.00 1094.10 71.327353 51.2668 0.993785 18.5786 1.30608 0 5.42894 0.224318 2.84767 0 0 7.03201 2.92842 6.58934 0 2.80397 0
87 3100.00 1093.10 71.122882 51.2796 0.991866 18.6108 1.3049 0 5.42294 0.224963 2.8205 0 0 6.98802 2.93611 6.60828 0 2.81203 0
88 3100.00 1092.10 70.920327 51.2924 0.989888 18.6428 1.30371 0 5.41684 0.225605 2.79355 0 0 6.94421 2.94377 6.62715 0 2.82007 0
89 3100.00 1091.10 70.719666 51.3054 0.98785 18.6745 1.30251 0 5.41065 0.226245 2.76684 0 0 6.90057 2.9514 6.64596 0 2.82807 0
90 3100.00 1090.10 70.520879 51.3185 0.985752 18.706 1.3013 0 5.40437 0.226883 2.74035 0 0 6.85711 2.959 6.66469 0 2.83604 0
91 3100.00 1089.10 70.323946 51.3317 0.983594 18.7373 1.30008 0 5.398 0.227519 2.71409 0 0 6.81383 2.96656 6.68336 0 2.84398 0
92 3100.00 1088.10 70.128846 51.3451 0.981377 18.7683 1.29885 0 5.39154 0.228151 2.68805 0 0 6.77072 2.97409 6.70195 0 2.85189 0
93 3100.00 1087.10 69.935560 51.3586 0.979099 18.799 1.2976 0 5.38499 0.228782 2.66224 0 0 6.7278 2.98159 6.72047 0 2.85978 0
94 3100.00 1086.10 69.744068 51.3723 0.976762 18.8296 1.29635 0 5.37836 0.22941 2.63665 0 0 6.68505 2.98905 6.73892 0 2.86763 0
95 3100.00 1085.10 69.554351 51.386 0.974364 18.8599 1.29508 0 5.37164 0.230036 2.61129 0 0 6.64248 2.99648 6.75731 0 2.87545 0
96 3100.00 1084.10 69.366390 51.3999 0.971906 18.8899 1.2938 0 5.36483 0.230659 2.58614 0 0 6.60009 3.00387 6.77562 0 2.88324 0
97 3100.00 1083.10 69.180168 51.4139 0.969388 18.9197 1.29252 0 5.35794 0.23128 2.56122 0 0 6.55788 3.01123 6.79385 0 2.891 0
98 3100.00 1082.10 68.995664 51.4281 0.96681 18.9493 1.29122 0 5.35097 0.231899 2.53653 0 0 6.51585 3.01856 6.81202 0 2.89873 0
99 3100.00 1081.10 68.812862 51.4424 0.964171 18.9787 1.28991 0 5.34391 0.232515 2.51205 0 0 6.47399 3.02585 6.83012 0 2.90643 0
100 3100.00 1080.10 68.631744 51.4568 0.961472 19.0078 1.2886 0 5.33678 0.233128 2.48779 0 0 6.43232 3.03311 6.84814 0 2.9141 0
101 3100.00 1079.10 68.452293 51.4713 0.958712 19.0367 1.28727 0 5.32956 0.233739 2.46375 0 0 6.39083 3.04033 6.8661 0 2.92174 0
102 3100.00 1078.10 68.274491 51.4859 0.955892 19.0653 1.28593 0 5.32226 0.234348 2.43992 0 0 6.34951 3.04753 6.88398 0 2.92935 0
103 3100.00 1077.10 68.098322 51.5007 0.953011 19.0938 1.28459 0 5.31489 0.234954 2.41632 0 0 6.30838 3.05468 6.90179 0 2.93693 0
104 3100.00 1076.10 67.923769 51.5156 0.95007 19.122 1.28323 0 5.30744 0.235558 2.39293 0 0 6.26742 3.06181 6.91952 0 2.94448 0
105 3100.00 1075.10 67.750817 51.5306 0.947068 19.1499 1.28187 0 5.29991 0.23616 2.36976 0 0 6.22665 3.0689 6.93719 0 2.95199 0
106 3100.00 1074.10 67.579448 51.5457 0.944006 19.1777 1.2805 0 5.29231 0.236758 2.3468 0 0 6.18606 3.07595 6.95478 0 2.95948 0
107 3100.00 1073.10 67.409648 51.5609 0.940883 19.2052 1.27912 0 5.28463 0.237355 2.32406 0 0 6.14565 3.08298 6.9723 0 2.96693 0
108 3100.00 1072.10 67.241401 51.5763 0.9377 19.2324 1.27773 0 5.27688 0.237949 2.30153 0 0 6.10542 3.08997 6.98974 0 2.97436 0
109 3100.00 1071.10 67.074693 51.5918 0.934456 19.2595 1.27633 0 5.26906 0.23854 2.27921 0 0 6.06537 3.09692 7.00711 0 2.98175 0
110 3100.00 1070.10 66.909508 51.6073 0.931151 19.2863 1.27492 0 5.26117 0.239129 2.2571 0 0 6.0255 3.10384 7.02441 0 2.98911 0
111 3100.00 1069.10 66.745831 51.623 0.927786 19.3129 1.27351 0 5.25321 0.239715 2.23521 0 0 5.98582 3.11073 7.04164 0 2.99644 0
112 3100.00 1068.10 66.583649 51.6388 0.924361 19.3393 1.27209 0 5.24518 0.240299 2.21352 0 0 5.94632 3.11758 7.05879 0 3.00374 0
113 3100.00 1067.10 66.422948 51.6548 0.920875 19.3654 1.27066 0 5.23708 0.240881 2.19205 0 0 5.907 3.1244 7.07587 0 3.01101 0
114 3100.00 1066.10 66.263714 51.6708 0.917329 19.3914 1.26923 0 5.22891 0.241459 2.17078 0 0 5.86786 3.13118 7.09287 0 3.01824 0
115 3100.00 1065.10 66.105933 51.6869 0.913722 19.4171 1.26778 0 5.22069 0.242036 2.14973 0 0 5.82891 3.13793 7.1098 0 3.02545 0
116 3100.00 1064.10 65.949592 51.7031 0.910055 19.4425 1.26634 0 5.21239 0.24261 2.12887 0 0 5.79014 3.14464 7.12665 0 3.03262 0
117 3100.00 1063.10 65.794679 51.7195 0.906329 19.4678 1.26488 0 5.20404 0.243181 2.10823 0 0 5.75155 3.15133 7.14343 0 3.03976 0
118 3100.00 1062.10 65.641180 51.7359 0.902542 19.4928 1.26342 0 5.19562 0.243749 2.08779 0 0 5.71315 3.15797 7.16014 0 3.04687 0
119 3100.00 1061.10 65.489084 51.7525 0.898695 19.5176 1.26195 0 5.18714 0.244316 2.06756 0 0 5.67493 3.16458 7.17677 0 3.05394 0
120 3100.00 1060.10 65.338377 51.7691 0.894789 19.5422 1.26048 0 5.17861 0.244879 2.04752 0 0 5.6369 3.17116 7.19332 0 3.06099 0
121 3100.00 1059.10 65.189049 51.7859 0.890823 19.5666 1.259 0 5.17001 0.24544 2.0277 0 0 5.59905 3.1777 7.2098 0 3.068 0
122 3100.00 1058.10 65.041087 51.8027 0.886798 19.5908 1.25751 0 5.16136 0.245998 2.00807 0 0 5.56139 3.18421 7.2262 0 3.07498 0
123 3100.00 1057.10 64.894480 51.8196 0.882714 19.6147 1.25602 0 5.15266 0.246554 1.98865 0 0 5.52392 3.19069 7.24253 0 3.08193 0
124 3100.00 1056.10 64.749217 51.8367 0.878571 19.6384 1.25453 0 5.1439 0.247107 1.96942 0 0 5.48663 3.19713 7.25877 0 3.08884 0
125 3100.00 1055.10 64.605287 51.8538 0.87437 19.6619 1.25303 0 5.13509 0.247658 1.9504 0 0 5.44953 3.20353 7.27495 0 3.09572 0
126 3100.00 1054.10 64.462679 51.871 0.87011 19.6852 1.25152 0 5.12622 0.248206 1.93158 0 0 5.41262 3.2099 7.29104 0 3.10257 0
127 3100.00 1053.10 64.321383 51.8883 0.865793 19.7083 1.25001 0 5.11731 0.248751 1.91295 0 0 5.37589 3.21623 7.30706 0 3.10939 0
128 3100.00 1052.10 64.181388 51.9057 0.861418 19.7312 1.2485 0 5.10835 0.249293 1.89452 0 0 5.33936 3.22253 7.32299 0 3.11617 0
129 3100.00 1051.10 64.042685 51.9232 0.856986 19.7538 1.24698 0 5.09934 0.249833 1.87628 0 0 5.30301 3.2288 7.33886 0 3.12292 0
130 3100.00 1050.10 63.905263 51.9407 0.852497 19.7762 1.24546 0 5.09028 0.250371 1.85825 0 0 5.26686 3.23503 7.35464 0 3.12963 0
131 3100.00 1049.10 63.769113 51.9584 0.847951 19.7985 1.24394 0 5.08118 0.250905 1.8404 0 0 5.23089 3.24122 7.37034 0 3.13631 0
132 3100.00 1048.10 63.634225 51.9761 0.84335 19.8205 1.24242 0 5.07204 0.251437 1.82275 0 0 5.19512 3.24738 7.38596 0 3.14296 0
133 3100.00 1047.10 63.500591 51.9939 0.838694 19.8423 1.24089 0 5.06285 0.251966 1.8053 0 0 5.15954 3.2535 7.40151 0 3.14958 0
134 3100.00 1046.10 63.368200 52.0118 0.833983 19.8639 1.23936 0 5.05363 0.252493 1.78803 0 0 5.12415 3.25959 7.41697 0 3.15616 0
135 3100.00 1045.10 63.237045 52.0297 0.829219 19.8852 1.23782 0 5.04436 0.253016 1.77096 0 0 5.08895 3.26564 7.43235 0 3.1627 0
136 3100.00 1044.10 63.107117 52.0478 0.824401 19.9064 1.23629 0 5.03506 0.253537 1.75407 0 0 5.05395 3.27166 7.44765 0 3.16921 0
137 3100.00 1043.10 62.978406 52.0658 0.81953 19.9274 1.23475 0 5.02573 0.254055 1.73737 0 0 5.01915 3.27764 7.46288 0 3.17569 0
138 3100.00 1042.10 62.850906 52.084 0.814608 19.9481 1.23322 0 5.01635 0.254571 1.72087 0 0 4.98454 3.28359 7.47801 0 3.18213 0
139 3100.00 1041.10 62.724606 52.1022 0.809636 19.9687 1.23168 0 5.00695 0.255083 1.70454 0 0 4.95012 3.2895 7.49307 0 3.18854 0
140 3100.00 1040.10 62.599499 52.1205 0.804613 19.989 1.23014 0 4.99751 0.255593 1.68841 0 0 4.9159 3.29537 7.50805 0 3.19491 0
141 3100.00 1039.10 62.475578 52.1388 0.799542 20.0092 1.2286 0 4.98805 0.2561 1.67245 0 0 4.88188 3.30121 7.52294 0 3.20125 0
142 3100.00 1038.10 62.352833 52.1572 0.794422 20.0291 1.22706 0 4.97855 0.256604 1.65669 0 0 4.84806 3.30701 7.53775 0 3.20755 0
143 3100.00 1037.10 62.231258 52.1756 0.789257 20.0488 1.22552 0 4.96903 0.257106 1.6411 0 0 4.81444 3.31277 7.55247 0 3.21382 0
144 3100.00 1036.10 62.110844 52.1941 0.784046 20.0684 1.22398 0 4.95949 0.257604 1.62569 0 0 4.78102 3.3185 7.56712 0 3.22005 0
145 3100.00 1035.10 61.991583 52.2127 0.778791 20.0877 1.22244 0 4.94992 0.2581 1.61047 0 0 4.7478 3.32419 7.58167 0 3.22624 0
146 3100.00 1034.10 61.873467 52.2313 0.773494 20.1068 1.22091 0 4.94032 0.258592 1.59542 0 0 4.71478 3.32985 7.59615 0 3.2324 0
147 3100.00 1033.10 61.756489 52.2499 0.768156 20.1258 1.21937 0 4.93071 0.259082 1.58055 0 0 4.68196 3.33547 7.61054 0 3.23853 0
148 3100.00 1032.10 61.640641 52.2685 0.762779 20.1445 1.21784 0 4.92108 0.259569 1.56585 0 0 4.64935 3.34105 7.62484 0 3.24461 0
149 3100.00 1031.10 61.525914 52.2872 0.757364 20.1631 1.2163 0 4.91143 0.260053 1.55133 0 0 4.61693 3.34659 7.63906 0 3.25066 0
150 3100.00 1030.10 61.412301 52.3059 0.751914 20.1814 1.21478 0 4.90176 0.260534 1.53698 0 0 4.58473 3.3521 7.65319 0 3.25668 0
151 3100.00 1029.10 61.299793 52.3247 0.74643 20.1996 1.21325 0 4.89207 0.261012 1.5228 0 0 4.55272 3.35757 7.66724 0 3.26265 0
152 3100.00 1028.10 61.188381 52.3434 0.740914 20.2176 1.21172 0 4.88238 0.261488 1.50879 0 0 4.52092 3.36301 7.6812 0 3.26859 0
153 3100.00 1027.10 61.078058 52.3622 0.73537 20.2354 1.2102 0 4.87267 0.26196 1.49494 0 0 4.48933 3.36841 7.69507 0 3.2745 0
154 3100.00 1026.10 60.968814 52.381 0.729798 20.253 1.20868 0 4.86295 0.262429 1.48126 0 0 4.45794 3.37377 7.70886 0 3.28037 0
155 3100.00 1025.10 60.860639 52.3997 0.724201 20.2704 1.20717 0 4.85321 0.262896 1.46775 0 0 4.42676 3.37909 7.72256 0 3.2862 0
156 3100.00 1024.10 60.753526 52.4185 0.718583 20.2877 1.20566 0 4.84347 0.263359 1.45439 0 0 4.39579 3.38438 7.73618 0 3.29199 0
157 3100.00 1023.10 60.647463 52.4373 0.712946 20.3047 1.20415 0 4.83372 0.26382 1.4412 0 0 4.36502 3.38963 7.74971 0 3.29775 0
158 3100.00 1022.10 60.542441 52.4561 0.707292 20.3216 1.20265 0 4.82397 0.264277 1.42816 0 0 4.33445 3.39484 7.76315 0 3.30347 0
159 3100.00 1021.10 60.438450 52.4749 0.701625 20.3384 1.20115 0 4.81421 0.264732 1.41527 0 0 4.30409 3.40002 7.77651 0 3.30915 0
160 3100.00 1020.10 60.335477 52.4936 0.695947 20.3549 1.19965 0 4.80444 0.265184 1.40253 0 0 4.27394 3.40516 7.78978 0 3.3148 0
161 3100.00 1019.10 60.233513 52.5124 0.690262 20.3713 1.19816 0 4.79467 0.265633 1.38995 0 0 4.24399 3.41026 7.80296 0 3.32041 0
162 3100.00 1018.10 60.132545 52.5311 0.684573 20.3876 1.19668 0 4.78489 0.266079 1.37751 0 0 4.21424 3.41533 7.81607 0 3.32599 0
163 3100.00 1017.10 60.032562 52.5498 0.678883 20.4036 1.1952 0 4.77511 0.266522 1.36521 0 0 4.1847 3.42036 7.82908 0 3.33153 0
164 3100.00 1016.10 59.933550 52.5684 0.673196 20.4196 1.19372 0 4.76533 0.266962 1.35306 0 0 4.15536 3.42536 7.84202 0 3.33703 0
165 3100.00 1015.10 59.835498 52.587 0.667515 20.4354 1.19225 0 4.75554 0.2674 1.34104 0 0 4.12622 3.43032 7.85487 0 3.3425 0
166 3100.00 1014.10 59.738391 52.6055 0.661842 20.451 1.19078 0 4.74576 0.267834 1.32916 0 0 4.09728 3.43525 7.86764 0 3.34793 0
167 3100.00 1013.10 59.642216 52.6241 0.656183 20.4665 1.18932 0 4.73597 0.268266 1.3174 0 0 4.06854 3.44014 7.88032 0 3.35333 0
168 3100.00 1012.10 59.546961 52.6425 0.650539 20.4818 1.18786 0 4.72618 0.268695 1.30578 0 0 4.04 3.44499 7.89293 0 3.35869 0
169 3100.00 1011.10 59.452610 52.6609 0.644914 20.497 1.1864 0 4.71639 0.269122 1.29429 0 0 4.01165 3.44981 7.90546 0 3.36402 0
170 3100.00 1010.10 59.359149 52.6792 0.639312 20.5121 1.18495 0 4.7066 0.269546 1.28292 0 0 3.9835 3.4546 7.9179 0 3.36932 0
171 3100.00 1009.10 59.266565 52.6975 0.633734 20.5271 1.18351 0 4.6968 0.269967 1.27166 0 0 3.95553 3.45935 7.93027 0 3.37458 0
172 3100.00 1008.10 59.174843 52.7157 0.628185 20.5419 1.18207 0 4.687 0.270385 1.26053 0 0 3.92776 3.46407 7.94256 0 3.37981 0
173 3100.00 1007.10 59.083970 52.7338 0.622667 20.5567 1.18063 0 4.6772 0.270801 1.24951 0 0 3.90018 3.46876 7.95478 0 3.38501 0
174 3100.00 1006.10 58.993930 52.7518 0.617181 20.5713 1.1792 0 4.6674 0.271214 1.2386 0 0 3.87278 3.47341 7.96692 0 3.39018 0
175 3100.00 1005.10 58.904711 52.7698 0.611732 20.5858 1.17777 0 4.6576 0.271625 1.2278 0 0 3.84557 3.47803 7.97899 0 3.39531 0
176 3100.00 1004.10 58.816599 52.788 0.606085 20.5999 1.17636 0 4.64787 0.272032 1.21723 0 0 3.8186 3.48261 7.99094 0 3.4004 0
177 3100.00 1003.10 58.729384 52.8061 0.600396 20.6139 1.17497 0 4.63816 0.272436 1.20679 0 0 3.79183 3.48716 8.00281 0 3.40545 0
178 3100.00 1002.10 58.642920 52.8241 0.594771 20.6278 1.17358 0 4.62845 0.272838 1.19644 0 0 3.76524 3.49167 8.01461 0 3.41047 0
179 3100.00 1001.10 58.557195 52.8421 0.58921 20.6416 1.17219 0 4.61873 0.273237 1.18619 0 0 3.73881 3.49616 8.02634 0 3.41546 0
180 3100.00 1000.10 58.472199 52.8599 0.583711 20.6553 1.1708 0 4.60901 0.273634 1.17601 0 0 3.71257 3.50061 8.03801 0 3.42043 0
181 3100.00 999.10 58.387923 52.8776 0.578274 20.669 1.16942 0 4.59928 0.274029 1.16593 0 0 3.68649 3.50504 8.04961 0 3.42537 0
182 3100.00 998.10 58.304357 52.8952 0.572898 20.6826 1.16804 0 4.58954 0.274422 1.15593 0 0 3.66058 3.50943 8.06115 0 3.43028 0
183 3100.00 997.10 58.221492 52.9127 0.567582 20.6961 1.16666 0 4.5798 0.274813 1.14601 0 0 3.63483 3.5138 8.07262 0 3.43516 0
184 3100.00 996.10 58.139318 52.93 0.562326 20.7095 1.16528 0 4.57005 0.275201 1.13618 0 0 3.60925 3.51814 8.08403 0 3.44001 0
185 3100.00 995.10 58.057825 52.9473 0.557128 20.7228 1.16391 0 4.5603 0.275587 1.12643 0 0 3.58384 3.52245 8.09538 0 3.44484 0
186 3100.00 994.10 57.977005 52.9645 0.551988 20.7361 1.16254 0 4.55054 0.275971 1.11677 0 0 3.55859 3.52673 8.10666 0 3.44964 0
187 3100.00 993.10 57.896849 52.9816 0.546906 20.7493 1.16117 0 4.54078 0.276354 1.10719 0 0 3.53349 3.53099 8.11789 0 3.45442 0
188 3100.00 992.10 57.817348 52.9985 0.54188 20.7624 1.1598 0 4.53101 0.276734 1.09768 0 0 3.50856 3.53521 8.12905 0 3.45917 0
189 3100.00 991.10 57.738494 53.0154 0.536911 20.7754 1.15844 0 4.52123 0.277111 1.08826 0 0 3.48379 3.53941 8.14015 0 3.46389 0
190 3100.00 990.10 57.660278 53.0321 0.531996 20.7884 1.15707 0 4.51145 0.277487 1.07892 0 0 3.45917 3.54358 8.15119 0 3.46859 0
191 3100.00 989.10 57.582691 53.0488 0.527136 20.8013 1.15571 0 4.50166 0.277861 1.06966 0 0 3.43471 3.54773 8.16217 0 3.47327 0
192 3100.00 988.10 57.505727 53.0654 0.52233 20.8141 1.15436 0 4.49187 0.278233 1.06047 0 0 3.41041 3.55185 8.1731 0 3.47791 0
193 3100.00 987.10 57.429376 53.0818 0.517578 20.8268 1.153 0 4.48207 0.278603 1.05136 0 0 3.38625 3.55594 8.18396 0 3.48254 0
194 3100.00 986.10 57.353630 53.0982 0.512878 20.8395 1.15165 0 4.47227 0.278971 1.04233 0 0 3.36225 3.56 8.19477 0 3.48714 0
195 3100.00 985.10 57.278483 53.1145 0.508229 20.8521 1.15029 0 4.46246 0.279337 1.03338 0 0 3.3384 3.56404 8.20552 0 3.49171 0
196 3100.00 984.10 57.203927 53.1307 0.503633 20.8647 1.14894 0 4.45264 0.279701 1.0245 0 0 3.31469 3.56806 8.21622 0 3.49626 0
197 3100.00 983.10 57.129953 53.1468 0.499087 20.8771 1.1476 0 4.44282 0.280063 1.0157 0 0 3.29114 3.57204 8.22686 0 3.50079 0
198 3100.00 982.10 57.056555 53.1628 0.494591 20.8895 1.14625 0 4.433 0.280424 1.00697 0 0 3.26773 3.57601 8.23744 0 3.50529 0
199 3100.00 981.10 56.983726 53.1787 0.490144 20.9018 1.14491 0 4.42317 0.280782 0.998314 0 0 3.24446 3.57994 8.24797 0 3.50977 0
200 3100.00 980.10 56.911458 53.1945 0.485747 20.9141 1.14356 0 4.41333 0.281138 0.989731 0 0 3.22135 3.58385 8.25844 0 3.51423 0
201 3100.00 979.10 56.839745 53.2103 0.481398 20.9263 1.14222 0 4.40349 0.281493 0.981221 0 0 3.19837 3.58774 8.26886 0 3.51866 0
202 3100.00 978.10 56.768579 53.2259 0.477097 20.9384 1.14088 0 4.39364 0.281846 0.972783 0 0 3.17553 3.5916 8.27923 0 3.52308 0
203 3100.00 977.10 56.697954 53.2415 0.472843 20.9504 1.13955 0 4.38379 0.282197 0.964416 0 0 3.15284 3.59544 8.28954 0 3.52746 0
204 3100.00 976.10 56.627863 53.257 0.468635 20.9624 1.13821 0 4.37393 0.282546 0.956119 0 0 3.13028 3.59926 8.2998 0 3.53183 0
205 3100.00 975.10 56.558300 53.2723 0.464474 20.9744 1.13688 0 4.36407 0.282894 0.947892 0 0 3.10787 3.60304 8.31001 0 3.53617 0
206 3100.00 974.10 56.489259 53.2877 0.460358 20.9862 1.13555 0 4.3542 0.28324 0.939735 0 0 3.08559 3.60681 8.32017 0 3.5405 0
207 3100.00 973.10 56.420732 53.3029 0.456288 20.998 1.13421 0 4.34433 0.283584 0.931646 0 0 3.06345 3.61055 8.33027 0 3.5448 0
208 3100.00 972.10 56.352714 53.318 0.452262 21.0097 1.13289 0 4.33445 0.283926 0.923626 0 0 3.04144 3.61427 8.34033 0 3.54907 0
209 3100.00 971.10 56.285199 53.3331 0.44828 21.0214 1.13156 0 4.32456 0.284267 0.915673 0 0 3.01956 3.61797 8.35033 0 3.55333 0
210 3100.00 970.10 56.218180 53.3481 0.444341 21.033 1.13023 0 4.31467 0.284605 0.907787 0 0 2.99782 3.62164 8.36028 0 3.55757 0
211 3100.00 969.10 56.151652 53.363 0.440446 21.0445 1.12891 0 4.30478 0.284943 0.899968 0 0 2.97622 3.62529 8.37019 0 3.56178 0
212 3100.00 968.10 56.085609 53.3778 0.436593 21.056 1.12758 0 4.29488 0.285278 0.892214 0 0 2.95474 3.62891 8.38005 0 3.56598 0
213 3100.00 967.10 56.020045 53.3926 0.432782 21.0674 1.12626 0 4.28497 0.285612 0.884526 0 0 2.93339 3.63251 8.38985 0 3.57015 0
214 3100.00 966.10 55.954955 53.4072 0.429012 21.0787 1.12494 0 4.27506 0.285944 0.876902 0 0 2.91217 3.6361 8.39961 0 3.5743 0
215 3100.00 965.10 55.890332 53.4218 0.425284 21.09 1.12362 0 4.26515 0.286275 0.869343 0 0 2.89108 3.63965 8.40933 0 3.57844 0
216 3100.00 964.10 55.826173 53.4363 0.421596 21.1012 1.1223 0 4.25523 0.286604 0.861848 0 0 2.87012 3.64319 8.41899 0 3.58255 0
217 3100.00 963.10 55.762470 53.4508 0.417949 21.1124 1.12099 0 4.2453 0.286931 0.854415 0 0 2.84928 3.6467 8.42861 0 3.58664 0
218 3100.00 962.10 55.699219 53.4652 0.414341 21.1235 1.11967 0 4.23537 0.287257 0.847046 0 0 2.82857 3.6502 8.43818 0 3.59071 0
219 3100.00 961.10 55.636415 53.4795 0.410772 21.1345 1.11836 0 4.22544 0.287581 0.839738 0 0 2.80798 3.65367 8.4477 0 3.59477 0
220 3100.00 960.10 55.574052 53.4937 0.407242 21.1455 1.11704 0 4.2155 0.287904 0.832492 0 0 2.78751 3.65712 8.45718 0 3.5988 0
221 3100.00 959.10 55.512125 53.5078 0.40375 21.1564 1.11573 0 4.20555 0.288225 0.825307 0 0 2.76717 3.66054 8.46662 0 3.60282 0
222 3100.00 958.10 55.450630 53.5219 0.400296 21.1673 1.11442 0 4.1956 0.288545 0.818182 0 0 2.74695 3.66395 8.47601 0 3.60681 0
223 3100.00 957.10 55.389561 53.5359 0.39688 21.1781 1.11311 0 4.18565 0.288863 0.811118 0 0 2.72685 3.66734 8.48535 0 3.61079 0
224 3100.00 956.10 55.328914 53.5499 0.393501 21.1889 1.1118 0 4.17568 0.28918 0.804113 0 0 2.70687 3.6707 8.49465 0 3.61475 0
225 3100.00 955.10 55.268684 53.5638 0.390158 21.1996 1.11049 0 4.16572 0.289495 0.797167 0 0 2.68701 3.67404 8.50391 0 3.61869 0
226 3100.00 954.10 55.208866 53.5776 0.386852 21.2102 1.10918 0 4.15575 0.289809 0.790279 0 0 2.66727 3.67737 8.51312 0 3.62261 0
227 3100.00 953.10 55.136145 53.5905 0.383967 21.2148 1.10874 0 4.14898 0.290191 0.784919 0 0 2.64604 3.68027 8.52421 0 3.62738 0
228 3100.00 952.10 55.045944 53.6024 0.381632 21.2112 1.10947 0 4.14655 0.290666 0.781586 0 0 2.62278 3.6826 8.53784 0 3.63333 0
229 3100.00 951.10 54.956270 53.6141 0.379325 21.2076 1.11021 0 4.14414 0.291141 0.778293 0 0 2.59968 3.68488 8.55143 0 3.63926 0
230 3100.00 950.10 54.867114 53.6256 0.377045 21.204 1.11097 0 4.14175 0.291614 0.775041 0 0 2.57673 3.68711 8.56499 0 3.64517 0
231 3100.00 949.10 54.778467 53.637 0.374793 21.2003 1.11174 0 4.13939 0.292086 0.771828 0 0 2.55394 3.68931 8.5785 0 3.65107 0
232 3100.00 948.10 54.690320 53.6483 0.372569 21.1967 1.11252 0 4.13704 0.292556 0.768655 0 0 2.53129 3.69145 8.59198 0 3.65695 0
233 3100.00 947.10 54.602663 53.6594 0.370371 21.193 1.11331 0 4.13472 0.293026 0.765521 0 0 2.50878 3.69355 8.60542 0 3.66282 0
234 3100.00 946.10 54.515489 53.6704 0.3682 21.1894 1.11411 0 4.13243 0.293495 0.762425 0 0 2.48643 3.69561 8.61883 0 3.66868 0
235 3100.00 945.10 54.428788 53.6813 0.366056 21.1857 1.11493 0 4.13015 0.293962 0.759367 0 0 2.46422 3.69762 8.6322 0 3.67453 0
236 3100.00 944.10 54.342551 53.692 0.363939 21.182 1.11576 0 4.1279 0.294429 0.756346 0 0 2.44215 3.69959 8.64554 0 3.68036 0
237 3100.00 943.10 54.256770 53.7026 0.361849 21.1782 1.1166 0 4.12568 0.294894 0.753363 0 0 2.42023 3.70151 8.65884 0 3.68618 0
238 3100.00 942.10 54.171435 53.7131 0.359785 21.1745 1.11745 0 4.12347 0.295359 0.750416 0 0 2.39846 3.70339 8.67211 0 3.69198 0
239 3100.00 941.10 54.086539 53.7234 0.357748 21.1707 1.11832 0 4.12129 0.295822 0.747506 0 0 2.37682 3.70522 8.68536 0 3.69778 0
240 3100.00 940.10 54.002072 53.7336 0.355737 21.167 1.1192 0 4.11913 0.296285 0.744631 0 0 2.35532 3.707 8.69857 0 3.70356 0
241 3100.00 939.10 53.918027 53.7436 0.353752 21.1632 1.12009 0 4.117 0.296747 0.741792 0 0 2.33397 3.70875 8.71175 0 3.70933 0
242 3100.00 938.10 53.834394 53.7535 0.351793 21.1594 1.12099 0 4.11488 0.297208 0.738987 0 0 2.31275 3.71044 8.7249 0 3.7151 0
243 3100.00 937.10 53.751165 53.7633 0.349861 21.1556 1.12191 0 4.11279 0.297668 0.736216 0 0 2.29167 3.71209 8.73802 0 3.72085 0
244 3100.00 936.10 53.668331 53.773 0.347955 21.1518 1.12284 0 4.11073 0.298127 0.733479 0 0 2.27073 3.7137 8.75112 0 3.72659 0
245 3100.00 935.10 53.585885 53.7825 0.346075 21.1479 1.12378 0 4.10868 0.298586 0.730775 0 0 2.24992 3.71526 8.76419 0 3.73233 0
246 3100.00 934.10 53.503818 53.7918 0.344221 21.1441 1.12473 0 4.10666 0.299044 0.728103 0 0 2.22925 3.71677 8.77724 0 3.73805 0
247 3100.00 933.10 53.422122 53.8011 0.342393 21.1402 1.1257 0 4.10465 0.299501 0.725463 0 0 2.20871 3.71824 8.79026 0 3.74377 0
248 3100.00 932.10 53.340788 53.8102 0.340592 21.1364 1.12667 0 4.10267 0.299958 0.722854 0 0 2.18831 3.71967 8.80326 0 3.74948 0
249 3100.00 931.10 53.259808 53.8191 0.338816 21.1325 1.12766 0 4.10071 0.300414 0.720276 0 0 2.16803 3.72104 8.81623 0 3.75518 0
250 3100.00 930.10 53.179173 53.828 0.337067 21.1286 1.12867 0 4.09877 0.30087 0.717728 0 0 2.14789 3.72238 8.82919 0 3.76087 0
251 3100.00 929.10 53.098875 53.8366 0.335343 21.1247 1.12968 0 4.09684 0.301325 0.715209 0 0 2.12787 3.72367 8.84212 0 3.76656 0
252 3100.00 928.10 52.988451 53.8462 0.334298 21.1147 1.13259 0 4.10163 0.301953 0.705876 0 0 2.10931 3.72497 8.85567 0 3.7728 0
253 3100.00 927.10 52.873213 53.8559 0.333595 21.1048 1.13561 0 4.10674 0.302611 0.695088 0 0 2.09072 3.72637 8.8694 0 3.77916 0
254 3100.00 926.10 52.758775 53.8654 0.332893 21.095 1.13862 0 4.11179 0.303267 0.684437 0 0 2.07226 3.72771 8.88311 0 3.78551 0
255 3100.00 925.10 52.645117 53.8748 0.332193 21.0852 1.14163 0 4.11679 0.303922 0.673921 0 0 2.0539 3.72898 8.89682 0 3.79187 0
256 3100.00 924.10 52.532219 53.884 0.331497 21.0754 1.14464 0 4.12174 0.304575 0.663538 0 0 2.03566 3.73019 8.91051 0 3.79821 0
257 3100.00 923.10 52.420062 53.893 0.330804 21.0657 1.14765 0 4.12664 0.305227 0.653284 0 0 2.01752 3.73133 8.92419 0 3.80456 0
258 3100.00 922.10 52.308627 53.9019 0.330115 21.0561 1.15065 0 4.1315 0.305877 0.643159 0 0 1.9995 3.73242 8.93786 0 3.8109 0
259 3100.00 921.10 52.197894 53.9107 0.329432 21.0464 1.15366 0 4.13631 0.306526 0.633158 0 0 1.98159 3.73343 8.95153 0 3.81724 0
260 3100.00 920.10 52.087845 53.9193 0.328756 21.0369 1.15666 0 4.14107 0.307173 0.623281 0 0 1.96378 3.73439 8.96518 0 3.82357 0
261 3100.00 919.10 51.978461 53.9277 0.328086 21.0273 1.15966 0 4.14578 0.30782 0.613525 0 0 1.94609 3.73528 8.97882 0 3.82991 0
262 3100.00 918.10 51.869722 53.936 0.327424 21.0178 1.16265 0 4.15044 0.308465 0.603886 0 0 1.9285 3.73611 8.99246 0 3.83624 0
263 3100.00 917.10 51.761610 53.9441 0.326771 21.0084 1.16565 0 4.15505 0.309109 0.594364 0 0 1.91102 3.73687 9.00609 0 3.84257 0
264 3100.00 916.10 51.654104 53.9521 0.326126 20.999 1.16864 0 4.15962 0.309753 0.584955 0 0 1.89365 3.73758 9.01972 0 3.8489 0
265 3100.00 915.10 50.825432 54.2035 0.331665 20.9857 1.1034 0 3.87255 0.314803 0.485686 0 0 1.82527 3.79861 9.16701 0 3.91174 0
266 3100.00 914.10 50.732064 54.2323 0.332275 20.9842 1.09696 0 3.83867 0.315382 0.474385 0 0 1.81733 3.8056 9.18388 0 3.91894 0
267 3100.00 913.10 50.639701 54.261 0.332881 20.9827 1.09052 0 3.80496 0.315958 0.463279 0 0 1.80941 3.81255 9.20063 0 3.92609 0
268 3100.00 912.10 50.548332 54.2894 0.333483 20.9813 1.08407 0 3.77143 0.316529 0.452366 0 0 1.80151 3.81944 9.21726 0 3.93318 0
269 3100.00 911.10 50.457948 54.3177 0.33408 20.9799 1.07762 0 3.73808 0.317096 0.441643 0 0 1.79361 3.82628 9.23377 0 3.94023 0
270 3100.00 910.10 50.335467 54.3423 0.334893 20.9713 1.07313 0 3.71245 0.317867 0.432863 0 0 1.77822 3.83135 9.25577 0 3.94982 0
271 3100.00 909.10 50.040669 54.4702 0.271838 20.9841 1.04783 0 3.60836 0.318381 0.432429 0 0 1.7485 3.83686 9.30839 0 3.97309 0
272 3100.00 908.10 49.949455 54.4805 0.267222 20.9742 1.04836 0 3.60391 0.318856 0.432973 0 0 1.73318 3.83594 9.3245 0 3.98034 0
273 3100.00 907.10 49.858555 54.4907 0.262657 20.9643 1.04889 0 3.59947 0.319332 0.433521 0 0 1.71794 3.83497 9.3406 0 3.9876 0
274 3100.00 906.10 49.767964 54.5007 0.258142 20.9545 1.04943 0 3.59505 0.31981 0.43407 0 0 1.70278 3.83396 9.3567 0 3.99486 0
275 3100.00 905.10 49.677676 54.5105 0.253676 20.9448 1.04998 0 3.59065 0.320289 0.434623 0 0 1.68769 3.83289 9.37279 0 4.00212 0
276 3100.00 904.10 49.587687 54.5202 0.24926 20.9351 1.05054 0 3.58626 0.320771 0.435177 0 0 1.67268 3.83176 9.38887 0 4.00938 0
277 3100.00 903.10 49.497993 54.5297 0.244893 20.9255 1.0511 0 3.58189 0.321253 0.435734 0 0 1.65774 3.83059 9.40496 0 4.01664 0
278 3100.00 902.10 49.408589 54.5391 0.240575 20.9159 1.05167 0 3.57753 0.321737 0.436294 0 0 1.64288 3.82937 9.42104 0 4.02391 0
279 3100.00 901.10 49.319470 54.5483 0.236305 20.9064 1.05225 0 3.57319 0.322223 0.436856 0 0 1.6281 3.82809 9.43711 0 4.03118 0
280 3100.00 900.10 49.230632 54.5574 0.232084 20.8969 1.05283 0 3.56887 0.32271 0.437421 0 0 1.61339 3.82676 9.45319 0 4.03846 0
281 3100.00 899.10 49.101233 54.5731 0.227868 20.8899 1.05341 0 3.56415 0.323463 0.426007 0 0 1.59675 3.82697 9.47136 0 4.04696 0
282 3100.00 898.10 48.985497 54.5865 0.223718 20.8823 1.05397 0 3.55951 0.324133 0.418515 0 0 1.58086 3.8266 9.48886 0 4.05508 0
283 3100.00 897.10 48.870301 54.5997 0.219619 20.8747 1.05453 0 3.55482 0.324804 0.411109 0 0 1.56505 3.82616 9.50636 0 4.06321 0
284 3100.00 896.10 48.755619 54.6127 0.215572 20.8671 1.05507 0 3.55007 0.325477 0.403785 0 0 1.54934 3.82565 9.52386 0 4.07134 0
285 3100.00 895.10 48.641423 54.6255 0.211576 20.8597 1.0556 0 3.54528 0.326151 0.39654 0 0 1.53373 3.82508 9.54137 0 4.07947 0
286 3100.00 894.10 48.527687 54.6382 0.20763 20.8523 1.05611 0 3.54042 0.326827 0.389372 0 0 1.5182 3.82444 9.55889 0 4.08762 0
287 3100.00 893.10 48.414378 54.6507 0.203735 20.845 1.05661 0 3.53549 0.327506 0.382276 0 0 1.50277 3.82374 9.57641 0 4.09577 0
288 3100.00 892.10 48.301465 54.663 0.19989 20.8378 1.0571 0 3.5305 0.328186 0.37525 0 0 1.48743 3.82298 9.59394 0 4.10394 0
289 3100.00 891.10 48.188913 54.6752 0.196096 20.8307 1.05756 0 3.52543 0.328869 0.368289 0 0 1.47217 3.82215 9.61149 0 4.11212 0
290 3100.00 890.10 48.076684 54.6872 0.192351 20.8236 1.058 0 3.52029 0.329554 0.361389 0 0 1.457 3.82126 9.62905 0 4.12031 0
291 3100.00 889.10 47.316295 54.9529 0.195945 20.8112 0.978095 0 3.20597 0.33486 0.278995 0 0 1.38867 3.88278 9.78403 0 4.18661 0
292 3100.00 888.10 47.247930 54.9772 0.196228 20.8101 0.971784 0 3.17621 0.335345 0.271528 0 0 1.3824 3.8884 9.79819 0 4.19267 0
293 3100.00 887.10 47.180280 55.0014 0.19651 20.809 0.965477 0 3.14662 0.335825 0.264206 0 0 1.37614 3.89397 9.81224 0 4.19868 0
294 3100.00 886.10 47.113338 55.0254 0.196789 20.8079 0.959177 0 3.11721 0.336303 0.257027 0 0 1.36989 3.89951 9.82618 0 4.20465 0
295 3100.00 885.10 47.044998 55.0489 0.197075 20.8065 0.953001 0 3.08839 0.336791 0.250062 0 0 1.36326 3.90485 9.84041 0 4.21076 0
296 3100.00 884.10 46.938401 55.0672 0.197522 20.7981 0.948992 0 3.06736 0.337556 0.244557 0 0 1.34902 3.90743 9.86196 0 4.22032 0
297 3100.00 883.10 46.832303 55.0852 0.19797 20.7898 0.944995 0 3.04645 0.338321 0.239145 0 0 1.33485 3.90992 9.88349 0 4.22988 0
298 3100.00 882.10 46.726693 55.103 0.198417 20.7815 0.94101 0 3.02567 0.339085 0.233826 0 0 1.32075 3.91232 9.90499 0 4.23944 0
299 3100.00 881.10 46.621561 55.1205 0.198865 20.7732 0.937038 0 3.00503 0.33985 0.228597 0 0 1.30672 3.91464 9.92649 0 4.249 0
300 3100.00 880.10 46.516896 55.1378 0.199312 20.765 0.933078 0 2.98451 0.340615 0.223457 0 0 1.29277 3.91687 9.94796 0 4.25856 0
301 3100.00 879.10 46.412687 55.1549 0.19976 20.7568 0.92913 0 2.96412 0.341379 0.218406 0 0 1.27888 3.91901 9.96942 0 4.26812 0
302 3100.00 878.10 46.308924 55.1718 0.200207 20.7487 0.925195 0 2.94386 0.342144 0.213441 0 0 1.26507 3.92107 9.99087 0 4.27768 0
303 3100.00 877.10 46.205595 55.1884 0.200655 20.7405 0.921273 0 2.92373 0.34291 0.208563 0 0 1.25132 3.92304 10.0123 0 4.28725 0
304 3100.00 876.10 46.102690 55.2048 0.201103 20.7324 0.917363 0 2.90373 0.343675 0.203768 0 0 1.23765 3.92492 10.0337 0 4.29682 0
305 3100.00 875.10 46.000198 55.221 0.201551 20.7243 0.913465 0 2.88385 0.344441 0.199057 0 0 1.22405 3.92672 10.0552 0 4.30639 0
306 3100.00 874.10 45.898110 55.2369 0.201999 20.7163 0.909581 0 2.86409 0.345207 0.194429 0 0 1.21052 3.92843 10.0766 0 4.31597 0
307 3100.00 873.10 45.796415 55.2526 0.202448 20.7083 0.905709 0 2.84446 0.345973 0.189881 0 0 1.19707 3.93005 10.098 0 4.32556 0
308 3100.00 872.10 45.695103 55.268 0.202896 20.7003 0.90185 0 2.82495 0.34674 0.185413 0 0 1.18368 3.93158 10.1194 0 4.33515 0
309 3100.00 871.10 45.594163 55.2833 0.203346 20.6924 0.898003 0 2.80557 0.347508 0.181023 0 0 1.17036 3.93302 10.1408 0 4.34474 0
310 3100.00 870.10 45.493584 55.2983 0.203795 20.6845 0.894169 0 2.78631 0.348276 0.176712 0 0 1.15712 3.93437 10.1621 0 4.35435 0
311 3100.00 869.10 45.393358 55.313 0.204245 20.6766 0.890348 0 2.76717 0.349045 0.172476 0 0 1.14395 3.93564 10.1835 0 4.36396 0
312 3100.00 868.10 45.293473 55.3275 0.204696 20.6688 0.88654 0 2.74815 0.349815 0.168316 0 0 1.13085 3.93681 10.2049 0 4.37359 0
313 3100.00 867.10 45.193919 55.3418 0.205147 20.661 0.882745 0 2.72925 0.350586 0.164231 0 0 1.11783 3.93789 10.2263 0 4.38322 0
314 3100.00 866.10 45.094686 55.3558 0.205598 20.6532 0.878963 0 2.71047 0.351357 0.160218 0 0 1.10487 3.93889 10.2477 0 4.39287 0
315 3100.00 865.10 44.995763 55.3696 0.20605 20.6455 0.875193 0 2.69181 0.35213 0.156278 0 0 1.09199 3.93979 10.2691 0 4.40253 0
316 3100.00 864.10 44.897142 55.3832 0.206503 20.6378 0.871437 0 2.67327 0.352903 0.152409 0 0 1.07918 3.9406 10.2905 0 4.4122 0
317 3100.00 863.10 44.798810 55.3965 0.206956 20.6302 0.867693 0 2.65484 0.353678 0.148611 0 0 1.06644 3.94131 10.3119 0 4.42188 0
318 3100.00 862.10 44.522463 55.5173 0.15099 20.6534 0.833499 0 2.53719 0.354524 0.147961 0 0 1.04272 3.94097 10.3722 0 4.44933 0
319 3100.00 861.10 44.439078 55.5199 0.147908 20.6465 0.833752 0 2.533 0.35511 0.14814 0 0 1.03099 3.93709 10.3899 0 4.45768 0
320 3100.00 860.10 44.355780 55.5224 0.144864 20.6397 0.834014 0 2.52883 0.355699 0.148321 0 0 1.01933 3.93313 10.4077 0 4.46605 0
321 3100.00 859.10 44.272564 55.5246 0.141856 20.633 0.834282 0 2.52467 0.356292 0.148504 0 0 1.00774 3.92911 10.4255 0 4.47444 0
322 3100.00 858.10 44.189425 55.5267 0.138884 20.6263 0.834558 0 2.52054 0.356887 0.148689 0 0 0.996222 3.92503 10.4433 0 4.48286 0
323 3100.00 857.10 44.106356 55.5286 0.135948 20.6197 0.834842 0 2.51642 0.357486 0.148875 0 0 0.984778 3.92088 10.4611 0 4.4913 0
324 3100.00 856.10 44.023352 55.5303 0.133049 20.6131 0.835134 0 2.51233 0.358088 0.149063 0 0 0.973405 3.91666 10.479 0 4.49977 0
325 3100.00 855.10 43.940407 55.5319 0.130185 20.6067 0.835434 0 2.50825 0.358693 0.149253 0 0 0.962103 3.91237 10.4969 0 4.50826 0
326 3100.00 854.10 43.857515 55.5332 0.127356 20.6002 0.835742 0 2.5042 0.359301 0.149445 0 0 0.950873 3.90801 10.5148 0 4.51679 0
327 3100.00 853.10 43.774669 55.5344 0.124563 20.5939 0.836058 0 2.50017 0.359913 0.149639 0 0 0.939714 3.90359 10.5328 0 4.52533 0
328 3100.00 852.10 43.691864 55.5353 0.121805 20.5876 0.836383 0 2.49615 0.360528 0.149834 0 0 0.928626 3.89909 10.5508 0 4.53391 0
329 3100.00 851.10 43.609091 55.5361 0.119082 20.5813 0.836716 0 2.49216 0.361146 0.150032 0 0 0.91761 3.89453 10.5688 0 4.54252 0
330 3100.00 850.10 43.526345 55.5367 0.116393 20.5751 0.837058 0 2.48819 0.361768 0.150231 0 0 0.906665 3.88989 10.5869 0 4.55115 0
331 3100.00 849.10 43.443618 55.537 0.113739 20.569 0.837408 0 2.48423 0.362394 0.150432 0 0 0.895791 3.88518 10.605 0 4.55982 0
332 3100.00 848.10 43.360903 55.5372 0.11112 20.5629 0.837768 0 2.48031 0.363023 0.150636 0 0 0.884988 3.88041 10.6231 0 4.56852 0
333 3100.00 847.10 43.278193 55.5372 0.108534 20.5569 0.838136 0 2.4764 0.363656 0.150841 0 0 0.874257 3.87556 10.6413 0 4.57725 0
334 3100.00 846.10 43.195478 55.537 0.105983 20.551 0.838514 0 2.47251 0.364292 0.151048 0 0 0.863596 3.87063 10.6594 0 4.58601 0
335 3100.00 845.10 42.103136 55.7978 0.109212 20.6682 0.717328 0 2.08934 0.373754 0.102781 0 0 0.818096 3.89836 10.7762 0 4.64894 0
336 3100.00 844.10 41.933504 55.8167 0.109654 20.6732 0.707168 0 2.05382 0.375266 0.0984995 0 0 0.804852 3.89607 10.8024 0 4.66239 0
337 3100.00 843.10 41.764204 55.8353 0.110098 20.6784 0.696854 0 2.01802 0.376787 0.0944724 0 0 0.791718 3.89364 10.8288 0 4.67595 0
338 3100.00 842.10 41.595501 55.8535 0.110545 20.6837 0.686432 0 1.98208 0.378315 0.0906843 0 0 0.778704 3.89104 10.8554 0 4.68961 0
339 3100.00 841.10 41.427605 55.8714 0.110993 20.6891 0.675944 0 1.94614 0.379849 0.0871194 0 0 0.765819 3.88828 10.882 0 4.70335 0
340 3100.00 840.10 41.260676 55.8887 0.111442 20.6946 0.665424 0 1.91029 0.381385 0.0837627 0 0 0.753067 3.88534 10.9088 0 4.71718 0
341 3100.00 839.10 41.094832 55.9056 0.111892 20.7001 0.6549 0 1.87463 0.382924 0.0805994 0 0 0.740455 3.88222 10.9356 0 4.73107 0
342 3100.00 838.10 40.930160 55.9219 0.112342 20.7057 0.644397 0 1.83922 0.384465 0.0776158 0 0 0.727986 3.87891 10.9625 0 4.74504 0
343 3100.00 837.10 40.766718 55.9375 0.112792 20.7112 0.633935 0 1.80413 0.386006 0.0747989 0 0 0.715663 3.8754 10.9895 0 4.75906 0
344 3100.00 836.10 40.475066 55.9196 0.113605 20.7269 0.624954 0 1.77399 0.388788 0.072278 0 0 0.708878 3.87632 11.0064 0 4.78828 0
345 3100.00 835.10 40.151328 55.8919 0.114521 20.7454 0.61642 0 1.74541 0.391923 0.0699345 0 0 0.703662 3.87845 11.0205 0 4.82184 0
346 3100.00 834.10 39.832049 55.8637 0.115439 20.7639 0.607946 0 1.71714 0.395064 0.0677177 0 0 0.698494 3.88056 11.0345 0 4.85554 0
347 3100.00 833.10 39.517162 55.8349 0.116359 20.7824 0.599542 0 1.68921 0.398212 0.0656183 0 0 0.693372 3.88262 11.0484 0 4.88936 0
348 3100.00 832.10 39.206593 55.8056 0.117281 20.8008 0.591214 0 1.66162 0.401367 0.0636278 0 0 0.688297 3.88466 11.0622 0 4.92331 0
349 3100.00 831.10 38.900263 55.7756 0.118204 20.8192 0.582971 0 1.63441 0.404527 0.0617383 0 0 0.683269 3.88666 11.076 0 4.95738 0
350 3100.00 830.10 38.598088 55.7451 0.11913 20.8375 0.574816 0 1.60758 0.407694 0.0599428 0 0 0.678289 3.88863 11.0897 0 4.99159 0
351 3100.00 829.10 38.299981 55.714 0.120057 20.8558 0.566754 0 1.58115 0.410867 0.0582347 0 0 0.673356 3.89057 11.1033 0 5.02592 0
352 3100.00 828.10 38.005855 55.6823 0.120986 20.8741 0.558788 0 1.5551 0.414047 0.0566081 0 0 0.668469 3.89247 11.1168 0 5.06037 0
353 3100.00 827.10 37.715620 55.65 0.121917 20.8923 0.550921 0 1.52947 0.417233 0.0550575 0 0 0.663627 3.89434 11.1302 0 5.09496 0
354 3100.00 826.10 37.429189 55.6171 0.12285 20.9104 0.543155 0 1.50423 0.420426 0.0535779 0 0 0.658831 3.89618 11.1435 0 5.12968 0
355 3100.00 825.10 37.146474 55.5836 0.123785 20.9286 0.535491 0 1.4794 0.423626 0.0521647 0 0 0.65408 3.89799 11.1567 0 5.16453 0
356 3100.00 824.10 36.867386 55.5496 0.124722 20.9466 0.52793 0 1.45498 0.426833 0.0508137 0 0 0.649372 3.89978 11.1699 0 5.19951 0
357 3100.00 823.10 36.591841 55.5149 0.125661 20.9647 0.520473 0 1.43096 0.430047 0.0495211 0 0 0.644707 3.90153 11.1829 0 5.23463 0
358 3100.00 822.10 36.319754 55.4796 0.126603 20.9827 0.513121 0 1.40734 0.433269 0.0482832 0 0 0.640084 3.90326 11.1959 0 5.26989 0
359 3100.00 821.10 36.051043 55.4437 0.127546 21.0006 0.505872 0 1.38412 0.436498 0.0470967 0 0 0.635503 3.90496 11.2088 0 5.30529 0
360 3100.00 820.10 35.785625 55.4072 0.128492 21.0185 0.498727 0 1.3613 0.439736 0.0459587 0 0 0.630962 3.90664 11.2216 0 5.34083 0
361 3100.00 819.10 35.523424 55.3702 0.129441 21.0364 0.491686 0 1.33887 0.442981 0.0448663 0 0 0.626461 3.9083 11.2343 0 5.37652 0
362 3100.00 818.10 35.264361 55.3325 0.130392 21.0543 0.484748 0 1.31682 0.446236 0.043817 0 0 0.621999 3.90993 11.2469 0 5.41236 0
363 3100.00 817.10 35.008362 55.2942 0.131345 21.0721 0.477912 0 1.29515 0.449499 0.0428082 0 0 0.617574 3.91155 11.2595 0 5.44834 0
364 3100.00 816.10 34.755354 55.2554 0.132301 21.0899 0.471177 0 1.27386 0.452771 0.0418378 0 0 0.613187 3.91314 11.2719 0 5.48447 0
365 3100.00 815.10 34.505266 55.216 0.13326 21.1077 0.464543 0 1.25295 0.456053 0.0409037 0 0 0.608837 3.91471 11.2843 0 5.52076 0
366 3100.00 814.10 34.258030 55.176 0.134222 21.1254 0.458008 0 1.23239 0.459344 0.0400039 0 0 0.604522 3.91627 11.2966 0 5.55721 0
367 3100.00 813.10 34.013578 55.1354 0.135186 21.1432 0.451572 0 1.2122 0.462645 0.0391367 0 0 0.600241 3.91781 11.3088 0 5.59382 0
368 3100.00 812.10 33.771846 55.0942 0.136154 21.1609 0.445232 0 1.19236 0.465957 0.0383004 0 0 0.595995 3.91934 11.321 0 5.63059 0
369 3100.00 811.10 33.532770 55.0524 0.137125 21.1786 0.438989 0 1.17287 0.469279 0.0374934 0 0 0.591782 3.92085 11.3331 0 5.66752 0
370 3100.00 810.10 33.296291 55.0101 0.138099 21.1963 0.43284 0 1.15372 0.472612 0.0367142 0 0 0.587602 3.92235 11.3451 0 5.70463 0
371 3100.00 809.10 27.618468 55.1747 0.166489 21.0689 0.304335 0 0.811506 0.569771 0.0266462 0 0 0.705494 2.33948 13.1701 0 5.66254 0
372 3100.00 808.10 27.344562 55.132 0.168157 21.0844 0.298162 0 0.79351 0.575479 0.0261367 0 0 0.711449 2.30388 13.2129 0 5.69391 0
373 3100.00 807.10 27.077087 55.0888 0.169818 21.0998 0.292157 0 0.776033 0.581164 0.0256477 0 0 0.717372 2.26888 13.2549 0 5.7254 0
374 3100.00 806.10 26.815766 55.0451 0.171473 21.1153 0.286316 0 0.759055 0.586827 0.0251779 0 0 0.723265 2.23446 13.2961 0 5.75698 0
375 3100.00 805.10 26.560339 55.0008 0.173122 21.1307 0.280632 0 0.742557 0.59247 0.0247262 0 0 0.729129 2.20061 13.3365 0 5.78868 0
376 3100.00 804.10 26.310561 54.9561 0.174765 21.1461 0.275099 0 0.726522 0.598095 0.0242914 0 0 0.734965 2.16733 13.3762 0 5.8205 0
377 3100.00 803.10 26.066200 54.9109 0.176404 21.1615 0.269712 0 0.710933 0.603702 0.0238727 0 0 0.740776 2.13458 13.4152 0 5.85243 0
378 3100.00 802.10 25.827038 54.8651 0.178037 21.177 0.264467 0 0.695775 0.609292 0.0234692 0 0 0.746561 2.10237 13.4534 0 5.88448 0
379 3100.00 801.10 25.592869 54.8189 0.179666 21.1924 0.259358 0 0.681031 0.614867 0.0230799 0 0 0.752323 2.07068 13.491 0 5.91665 0
380 3100.00 800.10 25.363497 54.7723 0.181291 21.2079 0.254381 0 0.666687 0.620428 0.0227041 0 0 0.758062 2.0395 13.5278 0 5.94896 0
381 3100.00 799.10 25.138737 54.7252 0.182912 21.2234 0.249532 0 0.652729 0.625975 0.0223412 0 0 0.76378 2.00882 13.564 0 5.98139 0
382 3100.00 798.10 24.918415 54.6776 0.184529 21.2388 0.244805 0 0.639144 0.631509 0.0219904 0 0 0.769477 1.97863 13.5996 0 6.01395 0
383 3100.00 797.10 24.702363 54.6295 0.186143 21.2544 0.240197 0 0.625919 0.637033 0.0216511 0 0 0.775156 1.94891 13.6344 0 6.04666 0
384 3100.00 796.10 24.490425 54.581 0.187754 21.2699 0.235704 0 0.613041 0.642546 0.0213228 0 0 0.780816 1.91966 13.6687 0 6.0795 0
385 3100.00 795.10 24.282451 54.5321 0.189362 21.2855 0.231323 0 0.6005 0.648049 0.0210048 0 0 0.786458 1.89087 13.7024 0 6.11249 0
386 3100.00 794.10 24.078299 54.4827 0.190968 21.3011 0.227049 0 0.588283 0.653543 0.0206968 0 0 0.792085 1.86252 13.7354 0 6.14562 0
387 3100.00 793.10 23.877833 54.4329 0.192571 21.3168 0.22288 0 0.576379 0.65903 0.0203982 0 0 0.797696 1.83462 13.7679 0 6.1789 0
388 3100.00 792.10 23.680925 54.3826 0.194172 21.3324 0.218811 0 0.56478 0.66451 0.0201086 0 0 0.803293 1.80715 13.7998 0 6.21233 0
389 3100.00 791.10 23.487453 54.3319 0.195772 21.3482 0.21484 0 0.553474 0.669984 0.0198276 0 0 0.808876 1.7801 13.8311 0 6.24591 0
390 3100.00 790.10 23.297298 54.2808 0.197369 21.364 0.210964 0 0.542452 0.675452 0.0195547 0 0 0.814447 1.75346 13.8619 0 6.27966 0
391 3100.00 789.10 23.110350 54.2292 0.198966 21.3798 0.20718 0 0.531706 0.680916 0.0192897 0 0 0.820006 1.72723 13.8922 0 6.31356 0
392 3100.00 788.10 22.926504 54.1772 0.200562 21.3957 0.203485 0 0.521225 0.686377 0.0190322 0 0 0.825553 1.7014 13.9219 0 6.34762 0
393 3100.00 787.10 22.745656 54.1248 0.202156 21.4116 0.199876 0 0.511003 0.691834 0.0187818 0 0 0.831091 1.67596 13.9511 0 6.38186 0
394 3100.00 786.10 22.567711 54.072 0.20375 21.4276 0.196351 0 0.501031 0.697289 0.0185384 0 0 0.836619 1.65091 13.9797 0 6.41626 0
395 3100.00 785.10 22.392575 54.0187 0.205344 21.4436 0.192907 0 0.491301 0.702743 0.0183014 0 0 0.842139 1.62623 14.0079 0 6.45083 0
396 3100.00 784.10 22.220161 53.965 0.206937 21.4597 0.189541 0 0.481806 0.708195 0.0180708 0 0 0.84765 1.60193 14.0356 0 6.48557 0
397 3100.00 783.10 22.050383 53.9109 0.20853 21.4759 0.186252 0 0.472538 0.713648 0.0178463 0 0 0.853154 1.57798 14.0628 0 6.5205 0
398 3100.00 782.10 21.883160 53.8564 0.210124 21.4921 0.183038 0 0.463491 0.719102 0.0176275 0 0 0.858652 1.5544 14.0895 0 6.5556 0
399 3100.00 781.10 21.718415 53.8014 0.211718 21.5084 0.179895 0 0.454658 0.724556 0.0174144 0 0 0.864144 1.53117 14.1157 0 6.59089 0
400 3100.00 780.10 21.556072 53.7461 0.213312 21.5247 0.176822 0 0.446033 0.730013 0.0172066 0 0 0.86963 1.50828 14.1415 0 6.62636 0
401 3100.00 779.10 21.396062 53.6903 0.214908 21.5412 0.173818 0 0.43761 0.735473 0.0170039 0 0 0.875112 1.48574 14.1669 0 6.66201 0
402 3100.00 778.10 21.238314 53.6341 0.216504 21.5577 0.170879 0 0.429382 0.740935 0.0168063 0 0 0.880591 1.46352 14.1918 0 6.69786 0
403 3100.00 777.10 21.047546 53.5803 0.206627 21.5765 0.168022 0 0.421507 0.747651 0.0155989 0 0 0.869595 1.44243 14.2253 0 6.7464 0
404 3100.00 776.10 20.881156 53.5242 0.203879 21.5941 0.16521 0 0.413697 0.753608 0.0150596 0 0 0.868859 1.42117 14.2528 0 6.78749 0
405 3100.00 775.10 20.717011 53.4675 0.20113 21.6117 0.162458 0 0.406062 0.759579 0.0145367 0 0 0.86813 1.40024 14.2798 0 6.82884 0
406 3100.00 774.10 20.555049 53.4103 0.198379 21.6295 0.159763 0 0.398597 0.765564 0.0140297 0 0 0.867409 1.37962 14.3064 0 6.87046 0
407 3100.00 773.10 20.395211 53.3525 0.195627 21.6474 0.157125 0 0.391298 0.771564 0.0135379 0 0 0.866697 1.35931 14.3325 0 6.91236 0
408 3100.00 772.10 20.237439 53.2942 0.192875 21.6654 0.154542 0 0.38416 0.777579 0.0130606 0 0 0.865995 1.33931 14.3583 0 6.95454 0
409 3100.00 771.10 20.081678 53.2354 0.190124 21.6836 0.152013 0 0.377179 0.783611 0.0125973 0 0 0.865306 1.31961 14.3836 0 6.99699 0
410 3100.00 770.10 19.927875 53.176 0.187374 21.7018 0.149536 0 0.370351 0.789658 0.0121476 0 0 0.864629 1.3002 14.4085 0 7.03973 0
411 3100.00 769.10 19.775979 53.1161 0.184626 21.7202 0.14711 0 0.363671 0.795724 0.0117108 0 0 0.863966 1.28108 14.433 0 7.08275 0
412 3100.00 768.10 19.625942 53.0557 0.18188 21.7387 0.144733 0 0.357137 0.801807 0.0112867 0 0 0.863319 1.26225 14.4572 0 7.12607 0
413 3100.00 767.10 19.477715 52.9946 0.179138 21.7573 0.142406 0 0.350744 0.807909 0.0108746 0 0 0.862688 1.2437 14.4809 0 7.16967 0
414 3100.00 766.10 19.331255 52.9331 0.1764 21.7761 0.140125 0 0.344489 0.81403 0.0104744 0 0 0.862075 1.22542 14.5043 0 7.21357 0
415 3100.00 765.10 19.186517 52.8709 0.173666 21.795 0.13789 0 0.338367 0.82017 0.0100855 0 0 0.861481 1.20741 14.5273 0 7.25777 0
416 3100.00 764.10 19.043460 52.8082 0.170937 21.814 0.1357 0 0.332376 0.826332 0.00970765 0 0 0.860907 1.18967 14.5499 0 7.30226 0
417 3100.00 763.10 18.902043 52.745 0.168215 21.8331 0.133554 0 0.326512 0.832514 0.00934051 0 0 0.860355 1.17219 14.5721 0 7.34706 0
418 3100.00 762.10 18.762229 52.6812 0.165498 21.8524 0.131451 0 0.320771 0.838718 0.00898377 0 0 0.859825 1.15497 14.594 0 7.39217 0
419 3100.00 761.10 18.623979 52.6168 0.162789 21.8718 0.129389 0 0.315151 0.844944 0.00863715 0 0 0.859318 1.138 14.6156 0 7.43758 0
420 3100.00 760.10 18.487257 52.5518 0.160088 21.8914 0.127368 0 0.309649 0.851193 0.00830037 0 0 0.858837 1.12128 14.6368 0 7.48331 0
421 3100.00 759.10 18.352030 52.4863 0.157395 21.9111 0.125386 0 0.304261 0.857465 0.00797318 0 0 0.858381 1.1048 14.6576 0 7.52935 0
422 3100.00 758.10 18.218263 52.4202 0.154712 21.9309 0.123443 0 0.298985 0.86376 0.00765534 0 0 0.857952 1.08857 14.6781 0 7.5757 0
423 3100.00 757.10 18.085926 52.3535 0.152038 21.9509 0.121538 0 0.293817 0.870081 0.00734661 0 0 0.857552 1.07258 14.6983 0 7.62238 0
424 3100.00 756.10 17.916979 52.2929 0.149567 21.9326 0.119799 0 0.288856 0.878285 0.00704771 0 0 0.858473 1.06389 14.719 0 7.68962 0
425 3100.00 755.10 17.742864 52.2321 0.147126 21.9079 0.118114 0 0.284016 0.886904 0.00675656 0 0 0.859676 1.0566 14.7396 0 7.76122 0
426 3100.00 754.10 17.569697 52.17 0.144682 21.883 0.116464 0 0.279279 0.895645 0.00647277 0 0 0.860958 1.04957 14.7599 0 7.83401 0
427 3100.00 753.10 17.397453 52.1066 0.142235 21.8578 0.114845 0 0.274642 0.904513 0.0061962 0 0 0.862322 1.04278 14.78 0 7.908 0
428 3100.00 752.10 17.226112 52.0419 0.139787 21.8323 0.113259 0 0.270102 0.913509 0.00592674 0 0 0.86377 1.03624 14.7999 0 7.98322 0
429 3100.00 751.10 17.055653 51.9758 0.137338 21.8066 0.111703 0 0.265657 0.922639 0.00566428 0 0 0.865305 1.02994 14.8196 0 8.05971 0
430 3100.00 750.10 16.886059 51.9083 0.134888 21.7806 0.110178 0 0.261305 0.931906 0.00540871 0 0 0.86693 1.02389 14.8391 0 8.13749 0
431 3100.00 749.10 16.717312 51.8394 0.132438 21.7544 0.108682 0 0.257043 0.941313 0.00515994 0 0 0.868647 1.01809 14.8583 0 8.2166 0
432 3100.00 748.10 16.549397 51.7689 0.129987 21.7279 0.107215 0 0.252869 0.950863 0.00491789 0 0 0.87046 1.01252 14.8773 0 8.29707 0
433 3100.00 747.10 16.368290 51.6938 0.127429 21.7023 0.105757 0 0.248717 0.961384 0.00467104 0 0 0.87268 1.00739 14.8978 0 8.3781 0
434 3100.00 746.10 15.871165 51.5427 0.122366 21.7058 0.103851 0 0.243075 0.991497 0.00418334 0 0 0.8824 1.00596 14.9586 0 8.43951 0
435 3100.00 745.10 15.412330 51.3941 0.117526 21.7089 0.101981 0 0.237581 1.02101 0.00374359 0 0 0.89211 1.00418 15.0181 0 8.50077 0
436 3100.00 744.10 14.986665 51.2474 0.112885 21.7111 0.100162 0 0.232261 1.05001 0.00334618 0 0 0.901814 1.00281 15.0758 0 8.5624 0
437 3100.00 743.10 14.590481 51.1025 0.108434 21.7125 0.0983925 0 0.227107 1.07853 0.00298692 0 0 0.911516 1.00179 15.1318 0 8.62443 0
438 3100.00 742.10 14.220626 50.9594 0.104164 21.7131 0.0966691 0 0.222111 1.10658 0.00266209 0 0 0.921217 1.0011 15.1862 0 8.68686 0
439 3100.00 741.10 13.874388 50.8178 0.100066 21.7129 0.0949899 0 0.217265 1.13419 0.00236841 0 0 0.930921 1.00072 15.2391 0 8.74971 0
440 3100.00 740.10 13.549424 50.6776 0.0961329 21.712 0.0933531 0 0.212561 1.16139 0.00210298 0 0 0.940629 1.00061 15.2905 0 8.81298 0
441 3100.00 739.10 13.243695 50.5388 0.0923574 21.7105 0.0917567 0 0.207995 1.1882 0.00186319 0 0 0.950345 1.00075 15.3407 0 8.8767 0
442 3100.00 738.10 12.955422 50.4013 0.0887322 21.7083 0.0901991 0 0.203558 1.21464 0.00164671 0 0 0.960069 1.00112 15.3895 0 8.94086 0
443 3100.00 737.10 12.683042 50.2649 0.0852509 21.7056 0.0886786 0 0.199247 1.24073 0.00145144 0 0 0.969803 1.00171 15.4372 0 9.00548 0
444 3100.00 736.10 12.425178 50.1295 0.0819072 21.7023 0.0871938 0 0.195054 1.26648 0.00127551 0 0 0.979547 1.0025 15.4837 0 9.07057 0
445 3100.00 735.10 12.180614 49.9952 0.0786954 21.6984 0.0857432 0 0.190977 1.29191 0.0011172 0 0 0.989303 1.00347 15.5291 0 9.13614 0
446 3100.00 734.10 11.948266 49.8617 0.0756098 21.694 0.0843256 0 0.187009 1.31703 0.000974974 0 0 0.999071 1.00462 15.5735 0 9.20219 0
447 3100.00 733.10 11.727171 49.7291 0.0726452 21.6891 0.0829396 0 0.183146 1.34186 0.000847426 0 0 1.00885 1.00592 15.6168 0 9.26873 0
448 3100.00 732.10 11.516468 49.5973 0.0697965 21.6837 0.0815841 0 0.179385 1.36641 0.00073328 0 0 1.01864 1.00738 15.6592 0 9.33577 0
449 3100.00 731.10 11.315382 49.4663 0.067059 21.6779 0.080258 0 0.175721 1.39069 0.000631373 0 0 1.02845 1.00898 15.7007 0 9.40332 0
450 3100.00 730.10 11.123218 49.3359 0.0644282 21.6717 0.0789603 0 0.17215 1.41472 0.000540643 0 0 1.03827 1.01071 15.7413 0 9.47138 0
451 3100.00 729.10 10.939348 49.2061 0.0618997 21.665 0.0776898 0 0.16867 1.4385 0.000460117 0 0 1.0481 1.01256 15.781 0 9.53995 0
452 3100.00 728.10 10.763207 49.0769 0.0594695 21.658 0.0764458 0 0.165277 1.46204 0.000388905 0 0 1.05794 1.01453 15.82 0 9.60904 0
453 3100.00 727.10 10.594277 48.9483 0.0571334 21.6505 0.0752272 0 0.161967 1.48535 0.000326189 0 0 1.06779 1.01662 15.8581 0 9.67865 0
454 3100.00 726.10 10.432093 48.8202 0.0548878 21.6427 0.0740333 0 0.158738 1.50844 0.000271217 0 0 1.07765 1.0188 15.8954 0 9.74879 0
455 3100.00 725.10 10.276228 48.6926 0.0527291 21.6346 0.0728632 0 0.155587 1.53132 0.000223295 0 0 1.08752 1.02109 15.9321 0 9.81945 0
456 3100.00 724.10 10.126292 48.5654 0.0506537 21.6261 0.0717162 0 0.152511 1.554 0.000181784 0 0 1.09741 1.02347 15.968 0 9.89064 0
457 3100.00 723.10 9.981931 48.4386 0.0486583 21.6173 0.0705914 0 0.149507 1.57647 0.000146092 0 0 1.10729 1.02594 16.0032 0 9.96235 0
458 3100.00 722.10 9.842818 48.3122 0.0467397 21.6081 0.0694883 0 0.146574 1.59875 0.00011567 0 0 1.11719 1.02849 16.0377 0 10.0346 0
459 3100.00 721.10 9.708654 48.1862 0.0448947 21.5987 0.068406 0 0.143709 1.62084 9.00064e-05 0 0 1.12709 1.03113 16.0716 0 10.1073 0
460 3100.00 720.10 9.579162 48.0605 0.0431204 21.589 0.0673441 0 0.140909 1.64275 6.86246e-05 0 0 1.13699 1.03384 16.1049 0 10.1806 0
461 3100.00 719.10 9.454090 47.9352 0.0414139 21.579 0.0663018 0 0.138173 1.66449 5.10755e-05 0 0 1.1469 1.03662 16.1375 0 10.2544 0
462 3100.00 718.10 9.333203 47.8101 0.0397721 21.5687 0.0652786 0 0.135498 1.68605 3.69352e-05 0 0 1.15681 1.03947 16.1695 0 10.3287 0
463 3100.00 717.10 9.216283 47.6854 0.0381924 21.5582 0.0642739 0 0.132883 1.70744 2.57993e-05 0 0 1.16671 1.04239 16.201 0 10.4035 0
464 3100.00 716.10 9.108157 47.5641 0.0386458 21.5455 0.0633233 0 0.130397 1.72771 0 0 0 1.18045 1.0452 16.2283 0 10.4763 0
465 3100.00 715.10 9.002564 47.4427 0.0390991 21.5333 0.0623784 0 0.127943 1.74797 0 0 0 1.19285 1.04809 16.2562 0 10.5495 0
466 3100.00 714.10 8.900050 47.3214 0.0395495 21.5209 0.0614487 0 0.125539 1.7681 0 0 0 1.20518 1.05104 16.2836 0 10.6232 0
467 3100.00 713.10 8.800481 47.2004 0.0399969 21.5083 0.060534 0 0.123184 1.78811 0 0 0 1.21742 1.05404 16.3106 0 10.6974 0
468 3100.00 712.10 8.703734 47.0795 0.0404415 21.4956 0.0596338 0 0.120877 1.80798 0 0 0 1.22959 1.0571 16.3372 0 10.7721 0
469 3100.00 711.10 8.609690 46.9588 0.0408833 21.4827 0.0587477 0 0.118617 1.82773 0 0 0 1.24169 1.0602 16.3633 0 10.8473 0
470 3100.00 710.10 8.518242 46.8384 0.0413222 21.4696 0.0578756 0 0.116402 1.84735 0 0 0 1.2537 1.06335 16.389 0 10.923 0
471 3100.00 709.10 8.429285 46.7181 0.0417583 21.4564 0.0570169 0 0.11423 1.86685 0 0 0 1.26565 1.06655 16.4143 0 10.9992 0
472 3100.00 708.10 8.342724 46.598 0.0421915 21.4431 0.0561715 0 0.112102 1.88622 0 0 0 1.27752 1.06978 16.4392 0 11.0758 0
473 3100.00 707.10 8.258466 46.4782 0.042622 21.4296 0.055339 0 0.110015 1.90546 0 0 0 1.28931 1.07306 16.4636 0 11.1528 0
474 3100.00 706.10 8.176427 46.3585 0.0430497 21.416 0.0545192 0 0.107969 1.92458 0 0 0 1.30103 1.07638 16.4877 0 11.2303 0
475 3100.00 705.10 8.096524 46.2391 0.0434745 21.4022 0.0537117 0 0.105962 1.94358 0 0 0 1.31267 1.07974 16.5114 0 11.3082 0
476 3100.00 704.10 8.018681 46.1199 0.0438965 21.3884 0.0529162 0 0.103995 1.96244 0 0 0 1.32424 1.08313 16.5346 0 11.3864 0
477 3100.00 703.10 7.942825 46.001 0.0443158 21.3744 0.0521326 0 0.102065 1.98119 0 0 0 1.33574 1.08655 16.5575 0 11.4651 0
478 3100.00 702.10 7.868888 45.8823 0.0447322 21.3604 0.0513606 0 0.100172 1.9998 0 0 0 1.34716 1.09001 16.5801 0 11.5441 0
479 3100.00 701.10 7.796804 45.7639 0.0451457 21.3462 0.0505999 0 0.0983143 2.01829 0 0 0 1.35851 1.09349 16.6022 0 11.6234 0
480 3100.00 700.10 7.717259 45.6417 0.0456111 21.3143 0.0498557 0 0.0964688 2.03909 0 0 0 1.37166 1.09968 16.6263 0 11.7153 0